4136
296
232
2264
4525
4844
4006
4244
724
729
4837
1377
3654
3173
2860
1029
159
1703
1236
4297
147
2446
767
4132
3258
3543
2352
2355
3892
419
2885
4455
3089
4667
2635
3312
1966
4584
4089
103
914
398
415
66
99
75
3615
4787
3178
3808
4620
1088
4893
2434
105
1461
3806
30
2694
4218
1643
3443
1437
1877
1648
297
1241
2621
2602
2479
3854
4762
1113
846
431
4936
3383
746
1327
3739
3573
2044
4706
1944
1829
1373
4531
2073
2548
183
434
1283
3408
2160
2034
3661
2770
4453
3290
1662
2683
316
1183
1954
4686
3359
1212
4675
481
734
2306
2667
4240
1289
2285
2216
1493
1650
1915
471
928
4820
2307
1535
3942
3389
4391
4112
2659
3446
1600
2499
4095
2940
1402
1681
1892
3061
4148
1138
2798
2333
3680
4708
3262
3747
4896
1862
900
4549
1090
4703
4368
2843
1866
4098
2589
2707
4247
2037
2637
360
1355
2850
634
4229
3280
4288
3585
1787
2213
3497
4196
3724
704
2438
2606
3156
1303
3208
4197
904
390
3558
3356
2318
3618
1641
336
3450
4693
1688
1868
4739
1740
644
4110
3789
3623
3288
604
4589
4490
1952
370
31
958
1849
2771
1043
1343
289
341
2689
3400
2818
1570
1835
923
3349
955
256
2145
2519
2368
2086
978
2755
776
2492
175
924
2880
4643
3718
1579
2345
3746
3583
2373
3988
3337
3144
376
2083
3719
3714
3580
4669
1263
2791
1860
3117
2817
63
529
259
2912
3849
1089
636
1769
1159
2362
249
3111
971
4388
366
4134
1277
383
3635
2099
3364
3451
2135
3046
1225
4272
743
3248
2919
2671
399
111
4759
4960
34
3608
547
2210
278
733
2143
1014
3026
3954
1563
3459
1929
4610
859
1046
4763
4986
478
1654
3753
2560
968
3133
1702
4417
3539
2594
1899
2321
1284
286
4073
3051
3984
2592
2553
3879
3707
4191
2736
1504
2081
2422
518
2993
4017
3832
3140
2298
4918
4223
3843
3923
3393
509
4773
2979
2014
3220
3120
417
976
4377
1194
1544
643
3200
2300
942
4319
235
581
2629
4233
2524
141
2892
4079
4522
4188
1683
3992
3864
4088
1878
3819
4581
2080
2613
630
73
626
1882
2576
4795
100
2715
1034
3053
3694
1646
1032
4875
759
4903
2274
619
1440
3484
1953
3698
2423
516
3462
753
2913
3082
2098
1772
3453
3768
4267
1376
4239
3629
735
2148
2558
973
3090
3787
3252
4804
3775
2932
4012
853
3505
3467
1472
1293
2426
221
3031
197
4910
819
1002
4600
3333
3353
2447
1657
1331
2111
1200
3151
2314
4104
3921
123
1416
4331
1254
3071
3919
4701
145
4932
1736
88
917
3700
1173
4428
4527
1047
4890
4829
615
4322
416
3169
4296
1482
2967
1475
2895
3018
1690
3688
809
3122
2260
548
1591
3740
115
1448
1824
1609
840
1215
2554
1886
2186
4367
957
2958
4461
482
3291
2968
4655
2758
1266
2005
567
2334
1375
1770
2985
565
4817
2679
2549
1005
1820
805
4638
3522
3253
2154
4733
633
2095
1286
3769
1053
4451
2187
546
690
480
2541
3132
4650
3257
639
2528
1170
1865
1894
2916
2775
3504
1481
422
4398
3470
3214
2501
4421
4103
2021
4129
2028
2914
4465
171
3697
4919
556
3077
2282
3908
2876
4092
2085
3511
3249
3135
730
2167
2338
4967
920
3891
1356
4732
1150
1149
215
3862
3679
150
3254
3514
4127
1573
4948
4778
1251
2746
817
213
2134
523
1452
4025
3867
705
425
3646
1858
4404
4003
988
1049
4101
3334
474
495
4536
2708
2721
995
3722
2542
2711
1288
4628
2741
3010
2055
4438
963
2812
1346
3320
4363
3884
2424
715
3024
3048
1369
2374
4170
4839
2986
3596
3993
3859
4208
2898
572
2311
2904
1616
3270
1413
2851
3236
3368
804
4898
4187
3000
3076
485
3348
2354
4212
3936
1430
1725
1239
1094
4742
699
12
883
2343
2052
594
783
2171
1774
829
2578
2580
3103
568
4765
4047
1775
4024
2642
4500
3780
921
2628
2729
912
4532
1673
4917
3193
4508
3800
104
901
2803
1978
2921
1879
4506
391
1021
1901
1272
2375
4659
2228
1262
4093
1130
238
1258
1728
876
4593
2202
2364
3232
1517
4559
298
922
501
4823
279
2846
1388
3916
3751
53
4965
2612
4771
1164
1773
3578
157
2164
3795
3347
472
2012
4138
1180
3566
2328
4051
577
2019
4084
313
3687
2928
4768
4440
3198
545
1216
4290
2540
4081
3382
4660
2999
4304
1458
2203
2439
4863
758
1522
4636
3807
1508
2162
1817
770
1885
1526
91
4224
2816
2188
2884
3331
4345
3404
3652
2454
4682
1622
1973
2297
1316
2896
972
3858
1057
3929
2782
4219
1742
953
794
310
4310
981
4162
330
3512
4040
2305
1694
2178
3651
3973
2763
1025
467
2561
1367
2944
206
3692
3234
2871
9
1686
1791
3924
940
1743
4911
1951
1126
845
3386
142
2899
2666
1756
350
207
3478
1220
1574
3172
3576
808
4722
4354
127
772
4294
1070
4876
47
3079
4448
2750
3701
4641
2575
4813
757
3914
4057
937
3023
3664
4279
4252
825
3888
2072
723
4912
1292
3727
1398
40
2092
2276
1111
979
1260
200
4494
692
1312
3426
4938
2054
1999
994
1961
645
4043
4618
4859
4185
4325
1433
1307
4379
4873
1998
3473
4679
1827
2346
992
4856
3814
3
2947
1503
236
1870
521
1271
3099
486
4408
1175
2727
4122
4452
1527
1674
3713
1101
998
1854
164
392
659
2123
4010
128
442
2235
4731
4199
4458
706
2435
612
4882
4924
1580
2184
589
1990
440
2722
560
2218
2962
1456
2510
4346
3311
4434
488
462
797
2041
1224
1391
468
792
1867
540
2407
305
4097
457
935
1191
4384
3454
823
1487
1320
3444
790
544
4431
2117
329
1843
494
