1801
4374
4244
4778
304
3550
2424
3747
634
138
2482
3543
1830
975
2416
3234
1135
4098
877
416
915
2081
2694
2539
1519
4180
308
1118
2637
3974
2633
2767
2709
478
2558
3408
3193
1215
1995
1829
682
1856
1907
3566
2552
4659
3814
3740
2774
767
1681
2912
2388
3291
4138
728
3739
2204
1300
3383
3568
471
2986
2933
3748
964
1005
681
3229
3356
797
2028
4820
879
414
952
1504
4455
1133
1049
3893
3858
3057
4525
4207
759
4859
495
4552
1657
2021
2345
4149
3955
1357
906
3082
1046
249
2540
3456
4089
1536
4136
4053
116
947
44
2722
3609
4586
697
3308
4031
390
417
530
4196
4352
732
815
4800
666
3757
2921
2528
3780
3278
3843
729
756
970
4903
147
2553
2602
3675
3615
1321
3080
415
1329
971
1141
1072
2594
3250
914
1537
2798
724
457
3258
4073
3375
1303
1754
4893
1221
435
4057
3093
1018
2843
3546
4449
1915
2231
1131
3724
4095
2885
3472
4701
1396
159
2373
4967
200
4922
4837
2652
3753
1437
2489
2520
1500
3714
4696
3571
2519
1775
2758
263
2497
2624
2463
4006
1442
4404
2161
4391
3832
3457
937
1791
419
4968
3140
175
324
2708
1523
4559
1248
4983
572
487
3184
4475
4100
4177
4628
183
2262
1867
1145
1613
2341
853
3668
3733
4311
3773
2048
1227
4191
4779
54
2804
1600
4144
640
4477
3661
1535
1643
978
1828
2033
479
2233
4398
4899
4042
2521
372
4115
4667
2428
2704
3271
4176
333
2973
1028
3325
2697
3595
4187
805
2642
232
3353
3776
3446
2134
3395
2561
239
1257
4420
1835
4272
2932
2567
2401
4864
4584
1223
4565
4498
12
3479
313
3178
4145
4326
734
371
3914
1933
776
1790
4569
4465
4785
548
4848
4370
2200
1595
1662
3094
4220
2752
104
25
1570
4405
2671
346
3985
1495
2366
1021
792
1673
2920
4240
4141
3613
4490
3347
544
2786
1568
4479
744
4900
1054
395
103
4229
1987
4506
3626
1385
2034
2968
4620
498
354
1240
2864
3527
1111
1966
459
4853
4123
3434
3206
1441
1730
4366
1509
2305
142
963
2358
4292
2050
2485
3152
2880
2099
827
2067
153
1254
256
4763
427
2670
1084
2045
1483
431
4783
3908
382
3594
2355
1069
1777
4082
341
2449
2846
4102
866
4531
1913
33
3992
844
4944
779
43
2967
2954
3752
1146
290
174
1516
3279
1020
3161
280
99
4140
1648
1611
1094
2151
4380
3450
1443
3245
1847
1614
1713
568
3772
2077
4614
286
3378
4338
2683
2178
4108
4384
3286
1211
4166
4920
1102
2931
1460
973
2689
2606
739
4339
1716
2667
1892
2052
4621
3039
4029
1024
3596
2019
4055
4746
4127
2333
1150
4624
4000
3238
901
4695
3252
481
2557
1563
4997
3103
4725
2300
3328
2352
4051
2216
968
2826
2361
2663
4539
3695
831
2154
4762
4742
4930
1091
1591
4972
1740
374
4536
2086
4655
2768
2135
3497
3312
3783
4955
1188
162
2714
1052
1703
3089
4894
4252
2189
3569
3200
195
4840
3993
1398
2577
4248
2563
2383
2513
1017
2
3526
296
2446
3608
3523
2613
2274
14
1388
1095
2011
1313
1848
3320
2353
1896
3247
955
4937
4948
425
4396
4234
2089
1335
3512
752
1383
706
4428
1877
1849
1244
1862
2297
1646
2202
3500
701
699
4867
1169
1236
3813
154
2770
2136
4898
1089
2603
1286
1098
1487
474
4079
2445
1983
129
2905
1511
366
4291
2337
3654
4555
2599
4185
1293
4293
1429
410
1283
4788
3865
2737
1727
1359
2255
4162
1513
4924
3394
2816
2674
3972
4274
3043
3380
3579
3174
3984
1573
2614
716
2164
4835
3363
802
3923
4451
4237
3765
1173
1120
2930
2044
2629
809
605
1377
3066
1241
2245
3413
4510
1556
3963
3877
3619
3768
2605
3061
3736
2580
3645
861
1298
957
1367
924
3176
4069
3585
2888
1472
1250
2566
2264
196
4054
2862
3999
3583
3522
3994
3065
3640
310
392
3045
2447
2635
3795
743
3635
3359
872
1034
4882
499
1455
4605
3970
4363
1750
3525
3113
207
705
1521
1514
2988
597
4817
3393
4346
4643
4625
2641
4503
4912
4048
3253
4494
4289
3214
1373
1009
2622
1839
283
4631
1944
3542
3528
4228
529
3149
4941
2054
2700
4740
2899
1653
1526
2153
4556
4386
4478
2263
1466
2285
2510
4061
643
2367
1585
1251
3060
4464
406
2964
3744
2496
234
1505
4854
2775
1156
3573
556
636
1544
1724
4367
2755
1810
733
3471
3716
675
3034
3669
2746
4807
4876
1078
4429
1789
3927
2471
4368
4929
2500
3033
4550
2871
105
4276
272
2736
2907
755
389
2344
1032
2839
633
4309
1873
2459
266
3203
2894
3618
393
4304
2791
4646
2327
292
2713
3998
4109
2433
2249
4112
1277
1664
3084
3582
4456
4203
236
3175
664
4773
2893
3756
576
3330
1073
2659
2600
1698
1620
3774
4845
279
2071
221
3719
3862
3124
2150
4747
3216
2881
3115
66
3889
1260
4076
2863
85
4869
176
3040
3396
3135
4961
546
238
4434
2718
2213
2299
4361
3854
2378
1161
3236
4155
4247
2813
4205
4188
938
2176
1340
2854
1906
3775
3416
1119
302
4485
3001
3953
3644
1999
2621
4459
3227
4106
3849
4097
3342
404
3874
1994
3290
1331
23
3114
1823
3087
3028
3282
2926
4735
3990
440
3553
3511
574
694
3837
3762
981
3906
1993
2303
1213
4875
2240
137
3025
1214
41
3921
2852
2763
2766
78
2138
4230
4589
4526
3439
3554
4856
4698
4018
339
1860
2043
649
3630
3020
2037
75
397
2928
4623
3580
4535
2672
4533
4896
55
2474
2252
4088
3498
1199
1406
4717
3646
4344
4497
2631
1090
534
604
2120
926
1679
461
4532
3859
2874
1916
4923
8
2475
2947
3192
3737
4197
3664
1623
3749
1675
