1504
99
2355
2553
2694
2932
955
3724
2776
530
154
2700
797
4098
2637
4620
4352
2463
4820
4149
1211
3353
1046
304
3497
4244
1933
1867
2862
3291
4229
2722
715
2034
1377
2766
4082
1829
2333
3234
2533
1118
2709
3347
2164
4778
728
4136
2521
975
1390
180
1084
4240
1519
1791
4053
395
4968
4073
4140
2552
1801
4367
2920
4180
666
2943
1849
2595
305
746
1385
3328
1464
2011
971
529
915
2633
4068
805
2232
2602
2424
947
759
779
681
238
116
3973
3451
3456
3550
4051
4725
4840
1227
2737
1915
1396
2558
256
2519
4187
1716
2804
4631
3408
4559
1614
3644
3566
2033
2305
2388
1072
4747
1173
2416
2697
1091
2475
3747
3568
682
4614
4361
2202
2303
1399
1995
1613
1673
1138
3858
4176
4643
1357
2136
3395
1830
4089
4165
2864
104
4735
4701
3752
1856
879
2491
3337
3716
2816
1847
4000
4048
2081
308
4357
2156
3479
4141
836
2624
3571
1835
3972
4145
4675
1248
2123
162
498
3041
3780
4532
1215
2921
2742
4920
2482
3089
831
889
4041
4490
2670
3814
935
44
4893
459
4835
1286
726
4252
3511
1500
2265
4339
3325
1563
4220
103
4941
2189
490
472
4646
436
3645
4923
2415
2345
1679
4748
4338
1135
1967
2161
3969
3596
3569
1873
4552
176
3416
404
3315
4292
1244
4845
290
1591
1683
2566
2341
487
4276
2241
4433
3661
716
3383
815
2619
4565
3253
1257
425
4653
4912
1987
4479
3733
1452
3472
97
2567
2718
4696
2986
3375
604
4384
3618
435
1536
376
3049
3444
517
3867
2162
4609
4722
4123
727
4253
4549
416
792
382
4465
2263
1635
4983
2459
127
2770
4734
4398
2401
2704
568
2067
2485
2028
4374
994
3527
4207
4859
137
2362
4311
2631
2933
3595
636
3203
419
1028
3250
2671
3308
4363
2245
3093
4449
3859
729
3446
3061
3955
2577
882
58
3704
4566
3832
2099
4042
972
2520
4006
4405
411
406
1223
239
2708
4779
2489
2437
1169
4536
3974
906
938
2729
3630
3806
964
4865
739
1070
14
3394
1892
495
3200
3914
649
2772
4937
4102
2905
4539
2366
901
4622
2444
4655
2894
3748
4972
3171
4477
1212
3489
2774
2178
3664
4586
3082
2983
3585
2557
2916
2134
3050
3214
3457
1054
676
2912
2135
1420
4138
4894
4420
2285
2707
3543
3635
3293
1076
1879
3080
4967
877
1573
4867
1757
4332
1329
3298
937
1513
1233
3758
138
821
872
3065
4648
479
2964
1537
216
3669
1663
970
2439
1417
2554
2893
1820
2378
1509
4090
4628
159
3271
4788
3626
3364
1034
2539
1250
2098
1159
4569
3148
3178
672
3985
1929
390
3902
1581
1681
1457
2899
147
2563
2009
2086
8
4344
1442
1398
5000
1181
4409
2354
2340
3140
2990
4029
3492
417
724
3413
534
3149
372
3765
4456
3133
266
4287
560
2928
232
4801
1858
2040
349
2676
984
2635
1039
949
874
53
1698
3282
371
3498
248
183
341
675
1622
1251
2191
1565
2767
195
1073
4143
1367
2753
3768
4922
4548
1931
4099
2818
3242
12
4844
2826
289
1889
2746
3795
2846
457
861
767
3893
25
1199
3880
730
1024
209
4938
4740
3847
3740
1744
2231
4930
4224
4584
1880
3033
1260
3936
3609
2878
2589
2501
3762
579
3675
4200
4739
1730
1600
4248
2852
3872
2497
1145
3534
4621
634
3087
732
3558
4196
1907
9
4898
1241
909
236
2736
2499
734
2843
4467
1239
2358
2021
602
3229
2863
1916
957
3877
1697
542
914
1237
4555
823
4031
2881
2888
4113
2763
1331
1861
2714
207
2037
969
576
1523
928
1119
2752
3862
1883
1919
4110
4763
1469
3970
1222
4525
2337
4404
2496
2642
4455
3312
1787
755
1086
2830
637
2050
1171
193
3156
2422
1913
1594
3424
3917
640
1948
3994
2678
2254
3668
1043
2262
3195
3813
1714
1113
3891
605
1864
2244
1300
1240
2048
1111
2600
4931
3560
1304
3803
776
4707
2987
2428
572
4370
883
1775
952
1728
2898
1141
3908
4986
2528
1644
88
3578
1648
129
4706
1838
4114
4160
4762
2541
2315
3245
1096
3277
2524
777
1526
2330
1848
1098
3079
685
463
3540
3546
4434
481
174
4789
4153
2391
658
4746
1020
2605
1516
4386
4108
4416
292
4100
2571
4478
3110
4233
1090
2603
3419
3103
2973
4591
389
743
2
3084
1226
3172
3500
2316
890
3313
2309
3693
2051
3168
1722
1839
3774
3772
2308
2181
30
1429
4681
1359
1017
3654
1550
3060
2607
4475
4459
4095
1675
3378
4919
4408
4924
2941
1724
4152
3314
2105
2705
145
1224
263
4150
324
4635
3798
1335
4272
575
3114
3503
981
3692
4084
41
2640
4781
713
474
471
4427
4012
3351
3874
1966
3356
1666
4191
1685
3992
153
1195
3292
2647
3454
4836
2630
2836
4117
3526
996
4720
1005
2471
3201
3111
3176
4115
1443
325
3738
3796
2045
3943
3057
3999
1089
1505
1146
840
2434
4772
1285
2673
4503
1790
748
1262
4927
3066
1258
2641
1657
4234
1408
4103
2755
945
1999
548
2929
4396
2667
3613
844
4918
3783
4854
149
3923
1423
1711
4980
74
2892
3238
3646
2550
3523
1254
2430
2874
3320
2077
1406
296
820
3514
3278
1388
4362
4736
3254
3051
4544
3100
705
1846
1232
3551
3556
4768
3135
645
3184
3744
4106
4899
3993
2513
1506
4658
4146
4900
1570
4948
4343
1342
1150
3976
1400
2561
3694
2781
1472
2154
2204
2672
3888
1568
4853
2268
3727
175
4965
449
3279
1351
1694
2151
4868
2087
2057
2977
4464
2104
2947
1386
4499
2689
3094
3687
1756
4423
2344
1298
302
1868
2696
33
3393
1460
4903
3487
2352
1437
1303
4309
4166
1574
4485
4076
3528
414
1151
4366
298
4346
4807
358
249
4057
2413
4997
